4294967279,196
4294967279,195
4294967278,337
4294967279,194
4294967278,336
4294967279,193
163,65
163,64
163,38
163,37
163,36
163,35
163,34
163,33
163,32
163,31
163,30
163,29
163,28
163,27
163,26
163,25
163,24
163,23
163,22
163,21
163,20
163,19
4294967279,192
4294967278,335
4294967279,362
163,18
163,17
163,16
163,15
163,14
163,13
163,12
163,11
163,10
163,9
163,8
163,7
4294967278,328
4294967279,360
4294967279,357
4294967279,353
4294967279,351
4294967278,327
4294967279,350
4294967278,325
4294967279,349
4294967278,322
4294967279,334
4294967278,321
4294967279,332
4294967278,319
4294967279,327
4294967278,318
4294967279,326
4294967278,317
4294967278,316
4294967278,315
4294967278,312
4294967278,311
4294967278,310
165,8
4294967279,325
165,7
165,6
165,5
4294967278,309
165,4
4294967279,319
165,3
165,2
165,1
165,0
4294967294,81
4294967279,318
4294967278,307
4294967278,306
164,6
4294967279,317
164,5
164,4
4294967279,316
164,3
164,2
164,1
164,0
4294967278,305
4294967278,304
4294967279,314
163,6
4294967279,313
163,5
4294967278,303
163,4
163,3
163,2
163,1
163,0
4294967278,302
4294967279,312
4294967294,1410
4294967294,1409
4294967279,311
4294967278,301
162,5
162,4
162,3
162,2
162,1
162,0
4294967294,471
4294967279,310
4294967278,300
161,9
4294967278,296
161,8
4294967279,309
161,7
4294967278,293
161,6
4294967279,308
161,5
4294967278,287
161,4
161,3
161,2
161,1
161,0
4294967278,282
160,6
160,5
160,4
160,3
160,2
160,1
160,0
4294967278,278
4294967279,307
4294967278,275
4294967279,306
4294967278,273
159,5
4294967279,304
159,4
4294967278,270
159,3
159,2
159,1
159,0
4294967279,301
4294967278,268
4294967279,299
4294967278,263
4294967279,285
158,6
4294967278,259
158,5
4294967279,283
158,4
4294967278,256
158,3
158,2
158,1
158,0
4294967279,281
4294967294,413
4294967294,438
4294967278,447
4294967279,279
4294967278,446
4294967279,278
157,6
4294967278,445
157,5
4294967279,277
157,4
4294967278,444
157,3
157,2
157,1
157,0
4294967279,275
4294967294,429
4294967294,470
156,6
156,5
156,4
4294967278,443
156,3
156,2
156,1
156,0
155,6
155,5
155,4
155,3
155,2
155,1
155,0
4294967279,274
4294967279,273
154,7
154,6
4294967279,268
154,5
154,4
154,3
154,2
154,1
154,0
4294967278,442
4294967278,441
4294967279,256
4294967293,131
4294967293,130
4294967293,129
4294967293,128
4294967293,127
4294967293,126
4294967293,125
4294967293,124
4294967293,123
4294967293,122
4294967293,121
4294967293,120
4294967293,119
4294967293,118
4294967293,117
4294967293,116
4294967293,115
4294967293,114
4294967293,113
4294967293,112
4294967293,111
4294967293,110
4294967293,109
4294967293,108
4294967293,107
4294967293,106
4294967293,105
4294967293,104
4294967293,103
4294967293,102
4294967293,101
4294967293,100
4294967293,99
4294967293,98
4294967293,97
4294967293,96
4294967293,95
4294967293,94
4294967293,93
4294967293,92
4294967293,91
4294967293,90
4294967293,89
4294967293,88
4294967293,87
4294967293,86
4294967293,85
4294967293,84
4294967293,83
4294967293,82
4294967293,81
4294967293,80
4294967293,79
4294967293,78
4294967293,77
4294967293,76
4294967293,75
4294967293,74
4294967293,73
4294967293,72
4294967293,71
4294967293,70
4294967293,69
4294967293,68
4294967293,67
4294967293,66
4294967293,65
4294967293,64
4294967293,63
4294967293,62
4294967293,61
4294967293,60
4294967293,59
4294967293,58
4294967293,57
4294967293,56
4294967293,55
4294967293,54
4294967293,53
4294967293,52
4294967293,51
4294967293,50
4294967293,49
4294967293,48
4294967293,47
4294967293,46
4294967293,45
4294967293,44
4294967293,43
4294967293,42
4294967293,41
4294967293,40
4294967293,39
